3520000
3530000
3540000
3550000
3560000
3570000
3580000
3590000
3600000
3610000
3620000
3630000
3640000
3650000
3660000
3670000
3680000
3690000
3700000
3710000
3720000
3730000
3740000
3750000
3760000
3770000
3780000
3790000
3800000
3810000
3820000
3830000
3840000
3850000
3860000
3870000
3880000
3890000
3900000
3910000
3920000
3930000
3940000
3950000
3960000
3970000
3980000
3990000
4000000
(1.2, 2.8, 3.2) 3.47648373646e-07
(1.1998016917341676, 2.7999054662459435, 3.199787004498071) 3.47647434825e-07
(1.1996033328294478, 2.79981091575443, 3.1995739611747327) 3.47646495566e-07
(1.1994049232561488, 2.7997163486084, 3.199360870003236) 3.4764555587e-07
(1.1992064629845762, 2.7996217647136823, 3.1991477309568377) 3.47644615735e-07
(1.1990079519849963, 2.7995271640646635, 3.198934544008752) 3.47643675161e-07
(1.1988093902276336, 2.7994325466557286, 3.198721309132163) 3.47642734148e-07
(1.198610777682721, 2.7993379124812763, 3.1985080263002548) 3.47641792696e-07
(1.198412114320438, 2.7992432615356893, 3.198294695486165) 3.47640850803e-07
(1.1982134001109461, 2.79914859381335, 3.1980813166630164) 3.47639908471e-07
(1.198014635024382, 2.7990539093086415, 3.197867889803902) 3.47638965698e-07
(1.197815819120043, 2.7989592080159587, 3.1976544149703416) 3.47638022485e-07
(1.197616952278817, 2.7988644899296733, 3.1974408920469295) 3.47637078831e-07
(1.1974180344707714, 2.798769755044179, 3.1972273210067015) 3.47636134735e-07
(1.197219065665919, 2.7986750033538357, 3.197013701822626) 3.47635190197e-07
(1.1970200458342686, 2.7985802348530378, 3.196800034467708) 3.47634245217e-07
(1.1968209749458094, 2.798485449536153, 3.196586318914881) 3.47633299794e-07
(1.1966218529704717, 2.7983906473975497, 3.1963725551370588) 3.47632353929e-07
(1.1964226798781785, 2.7982958284316046, 3.1961587431071576) 3.4763140762e-07
(1.196223455638821, 2.7982009926326903, 3.1959448827980377) 3.47630460867e-07
(1.19602418022227, 2.7981061399951686, 3.1957309741825575) 3.47629513671e-07
(1.1958248535983496, 2.798011270513404, 3.1955170172335103) 3.4762856603e-07
(1.195625475736905, 2.797916384181774, 3.195303011923728) 3.47627617944e-07
(1.1954260466076911, 2.797821480994643, 3.19508895822598) 3.47626669413e-07
(1.1952265661804928, 2.797726560946383, 3.1948748561130156) 3.47625720437e-07
(1.195027034425026, 2.79763162403133, 3.19466070555754) 3.47624771015e-07
(1.1948274513109785, 2.797536670243862, 3.1944465065322536) 3.47623821147e-07
(1.1946278168080524, 2.797441699578326, 3.194232259009843) 3.47622870833e-07
(1.194428130885879, 2.797346712029074, 3.1940179629629393) 3.47621920072e-07
(1.1942283935140907, 2.797251707590469, 3.193803618364182) 3.47620968863e-07
(1.194028604662291, 2.7971566862568853, 3.193589225186169) 3.47620017207e-07
(1.1938287643000387, 2.7970616480226487, 3.1933747834014685) 3.47619065103e-07
(1.1936288723968702, 2.796966592882113, 3.1931602929826224) 3.47618112551e-07
(1.1934289289222928, 2.7968715208296255, 3.1929457539021535) 3.4761715955e-07
(1.1932289338458086, 2.796776431859543, 3.192731166132559) 3.476162061e-07
(1.193028887136861, 2.7966813259662118, 3.1925165296463223) 3.47615252201e-07
(1.192828788764889, 2.7965862031439634, 3.1923018444158635) 3.47614297852e-07
(1.1926286386992881, 2.796491063387164, 3.1920871104136257) 3.47613343054e-07
(1.192428436909441, 2.7963959066901314, 3.1918723276119896) 3.47612387804e-07
(1.1922281833646968, 2.7963007330472154, 3.19165749598333) 3.47611432095e-07
(1.192027877946887, 2.796205542365279, 3.1914426154125137) 3.47610475944e-07
(1.1918275207127804, 2.7961103347261336, 3.1912276859593116) 3.4760951934e-07
(1.191627111631648, 2.7960151101241357, 3.1910127075960397) 3.47608562285e-07
(1.1914266506727238, 2.7959198685536015, 3.1907976802949505) 3.47607604778e-07
(1.191226137805216, 2.79582461000886, 3.1905826040283056) 3.47606646818e-07
(1.1910255729983097, 2.795729334484268, 3.190367478768299) 3.47605688405e-07
(1.1908249562211632, 2.79563404197414, 3.1901523044871336) 3.47604729539e-07
(1.190624287442898, 2.795538732472802, 3.1899370811569736) 3.4760377022e-07
(1.1904235666326082, 2.795443405974584, 3.189721808749945) 3.47602810446e-07
(1.190222793759373, 2.7953480624738036, 3.1895064872381718) 3.47601850217e-07
(1.1900219687922358, 2.7952527019647984, 3.1892911165937345) 3.47600889534e-07
(1.1898210917002119, 2.79515732444189, 3.189075696788704) 3.47599928396e-07
(1.1896201624522815, 2.7950619298993895, 3.18886022779512) 3.47598966803e-07
(1.189419181017399, 2.7949665184189127, 3.188644709584969) 3.47598004753e-07
(1.189218147364517, 2.7948710899074847, 3.1884291421302664) 3.47597042248e-07
(1.1890170614625264, 2.794775644359417, 3.188213525402955) 3.47596079285e-07
(1.1888159232802933, 2.794680181769015, 3.187997859374962) 3.47595115866e-07
(1.1886147327866745, 2.7945847021305985, 3.1877821440181995) 3.47594151989e-07
(1.1884134899504852, 2.794489205438485, 3.187566379304547) 3.47593187655e-07
(1.1882121947404993, 2.794393691686972, 3.1873505652058522) 3.47592222863e-07
(1.1880108471254982, 2.7942981608703783, 3.1871347016939398) 3.47591257612e-07
(1.1878094471621239, 2.7942026129830024, 3.1869187888277977) 3.47590291903e-07
(1.187607994731181, 2.7941070480191788, 3.1867028264920267) 3.47589325734e-07
(1.1874064898013537, 2.7940114659732056, 3.18648681465838) 3.47588359106e-07
(1.1872049323412814, 2.7939158668393804, 3.186270753298563) 3.47587392018e-07
(1.1870033223195808, 2.793820250612009, 3.1860546423842737) 3.4758642447e-07
(1.1868016597048416, 2.7937246172853847, 3.1858384818871848) 3.47585456461e-07
(1.1865999444656272, 2.793628966853815, 3.1856222717789335) 3.47584487991e-07
(1.1863981765704836, 2.7935332993115995, 3.1854060120311547) 3.4758351906e-07
(1.1861963559879107, 2.793437614653033, 3.1851897026154234) 3.47582549667e-07
(1.1859944826863873, 2.7933419128724166, 3.184973343503302) 3.47581579812e-07
(1.1857925566343652, 2.793246193964044, 3.184756934666331) 3.47580609494e-07
(1.185590577800269, 2.793150457922204, 3.1845404760760245) 3.47579638713e-07
(1.1853885461524734, 2.7930547047411833, 3.184323967703856) 3.47578667469e-07
(1.185186461659354, 2.7929589344152763, 3.1841074095212862) 3.47577695761e-07
(1.1849843242892404, 2.7928631469387746, 3.1838908014997447) 3.4757672359e-07
(1.184782134010446, 2.7927673423059622, 3.1836741436106393) 3.47575750954e-07
(1.1845798907912466, 2.7926715205111314, 3.1834574358253414) 3.47574777853e-07
(1.1843775945998856, 2.7925756815485574, 3.183240678115205) 3.47573804287e-07
(1.1841752454045915, 2.7924798254125296, 3.183023870451545) 3.47572830255e-07
(1.1839728431735486, 2.7923839520973304, 3.1828070128056813) 3.47571855758e-07
(1.1837703878749068, 2.7922880615972288, 3.1825901051488468) 3.47570880794e-07
(1.183567879476814, 2.792192153906522, 3.182373147452309) 3.47569905364e-07
(1.18336531794736, 2.792096229019479, 3.182156139687264) 3.47568929466e-07
(1.183162703254623, 2.7920002869303646, 3.1819390818249147) 3.47567953101e-07
(1.1829600353666723, 2.791904327633484, 3.1817219738364297) 3.47566976269e-07
(1.182757314251493, 2.791808351123082, 3.1815048156929313) 3.47565998968e-07
(1.1825545398770898, 2.791712357393446, 3.1812876073655385) 3.47565021198e-07
(1.182351712211413, 2.7916163464388424, 3.1810703488253123) 3.4756404296e-07
(1.182148831222393, 2.791520318253549, 3.180853040043329) 3.47563064243e-07
(1.181945896791712, 2.7914242727456013, 3.180635680904366) 3.47562085065e-07
(1.1817429089734508, 2.791328209995489, 3.1804182714656473) 3.47561105417e-07
(1.181539867735458, 2.791232129997504, 3.1802008116981413) 3.47560125299e-07
(1.181336773045533, 2.791136032745882, 3.179983301572799) 3.4755914471e-07
(1.1811336248714592, 2.791039918234904, 3.179765741060539) 3.47558163649e-07
(1.1809304231809925, 2.790943786458826, 3.179548130132238) 3.47557182117e-07
(1.1807271679418487, 2.7908476374119093, 3.1793304687587485) 3.47556200113e-07
(1.1805238591217406, 2.7907514710884107, 3.1791127569109237) 3.47555217636e-07
(1.1803204966883243, 2.790655287482601, 3.1788949945595744) 3.47554234686e-07
(1.1801170806092283, 2.7905590865887206, 3.178677181675466) 3.47553251264e-07
(1.1799136108520583, 2.7904628684010264, 3.1784593182293417) 3.47552267368e-07
(1.1797100873843893, 2.7903666329137735, 3.1782414041919362) 3.47551282998e-07
(1.1795065101737805, 2.7902703801212247, 3.178023439533951) 3.47550298153e-07
(1.1793028791877291, 2.7901741101036523, 3.1778054242260527) 3.47549312834e-07
(1.1790991943937341, 2.7900778227692555, 3.177587358238881) 3.4754832704e-07
(1.1788954557592422, 2.7899815181122913, 3.1773692415430594) 3.4754734077e-07
(1.178691663251711, 2.7898851961270235, 3.1771510741091786) 3.47546354025e-07
(1.1784878168384987, 2.789788856807674, 3.1769328559077845) 3.47545366803e-07
(1.178283916486992, 2.789692500148497, 3.1767145869094033) 3.47544379104e-07
(1.178079962164524, 2.7895961261437394, 3.176496267084537) 3.47543390929e-07
(1.177875953925058, 2.789499734787638, 3.1762778964895966) 3.47542402276e-07
(1.1776718916492255, 2.7894033260744413, 3.176059475009096) 3.47541413146e-07
(1.1774677753042846, 2.789306899998393, 3.175841002613451) 3.47540423537e-07
(1.1772636048574365, 2.7892104565537252, 3.1756224792730507) 3.4753943345e-07
(1.17705938027587, 2.789113995734669, 3.1754039049582636) 3.47538442883e-07
(1.176855101526751, 2.7890175175354837, 3.1751852796394284) 3.47537451837e-07
(1.1766507685772027, 2.788921021950389, 3.174966603286838) 3.47536460312e-07
(1.1764463813943138, 2.7888245089736126, 3.1747478758707786) 3.47535468306e-07
(1.1762419399451576, 2.7887279785993986, 3.1745290973614915) 3.4753447582e-07
(1.176037444196787, 2.788631430821985, 3.1743102677292145) 3.47533482853e-07
(1.1758328941161802, 2.7885348656355737, 3.1740913869441116) 3.47532489404e-07
(1.175628289670326, 2.7884382830344125, 3.173872454976368) 3.47531495473e-07
(1.1754236308261865, 2.7883416830127294, 3.1736534717961113) 3.47530501061e-07
(1.1752189175506524, 2.7882450655647535, 3.173434437373455) 3.47529506166e-07
(1.175014149810621, 2.7881484306847026, 3.173215351678474) 3.47528510787e-07
(1.1748093275729472, 2.7880517783668033, 3.1729962146812207) 3.47527514926e-07
(1.1746044508044426, 2.787955108605276, 3.1727770263517) 3.47526518581e-07
(1.1743995194719041, 2.787858421394338, 3.172557786659919) 3.47525521751e-07
(1.1741945335420967, 2.787761716728211, 3.1723384955758496) 3.47524524437e-07
(1.1739894929817458, 2.7876649946011156, 3.1721191530694113) 3.47523526638e-07
(1.17378439775757, 2.7875682550072773, 3.171899759110529) 3.47522528354e-07
(1.173579247836241, 2.7874714979408965, 3.1716803136690768) 3.47521529584e-07
(1.1733740431843842, 2.7873747233962076, 3.171460816714896) 3.47520530328e-07
(1.1731687837686229, 2.7872779313674108, 3.171241268217812) 3.47519530585e-07
(1.172963469555513, 2.787181121848725, 3.1710216681476138) 3.47518530355e-07
(1.172758100511626, 2.7870842948343673, 3.1708020164740662) 3.47517529638e-07
(1.1725526766034666, 2.7869874503185317, 3.170582313166901) 3.47516528433e-07
(1.1723471977975206, 2.7868905882954333, 3.170362558195838) 3.4751552674e-07
(1.172141664060251, 2.7867937087592978, 3.170142751530546) 3.4751452455e-07
(1.1719360752730885, 2.78669681161933, 3.169922893055688) 3.47513521879e-07
(1.1717304314874155, 2.78659989695474, 3.169702982825858) 3.47512518718e-07
(1.171524732669588, 2.786502964759711, 3.1694830208106404) 3.47511515068e-07
(1.1713189787859297, 2.7864060150284704, 3.1692630069795933) 3.47510510928e-07
(1.1711131698027493, 2.7863090477552106, 3.1690429413022514) 3.47509506297e-07
(1.1709073056863102, 2.7862120629341307, 3.1688228237481257) 3.47508501175e-07
(1.1707013864028524, 2.786115060559432, 3.168602654286667) 3.47507495561e-07
(1.1704954119185724, 2.7860180406253034, 3.1683824328873285) 3.47506489456e-07
(1.1702893821996667, 2.7859210031259556, 3.1681621595195333) 3.47505482858e-07
(1.1700832972122663, 2.785823948055584, 3.167941834152651) 3.47504475768e-07
(1.1698771569224817, 2.785726875408391, 3.1677214567560537) 3.47503468185e-07
(1.1696709612964031, 2.7856297851785645, 3.167501027299056) 3.47502460108e-07
(1.1694647103000668, 2.7855326773602993, 3.167280545750953) 3.47501451538e-07
(1.169258403899496, 2.7854355520325687, 3.1670600120810124) 3.47500442473e-07
(1.1690520420606838, 2.785338409104759, 3.1668394262584814) 3.47499432914e-07
(1.1688456247495813, 2.7852412485710674, 3.1666187882525616) 3.47498422859e-07
(1.168639151932108, 2.7851440704256936, 3.1663980980324298) 3.47497412309e-07
(1.1684326235741553, 2.785046874662804, 3.166177355567231) 3.47496401263e-07
(1.168226039641588, 2.7849496612765874, 3.1659565608260953) 3.47495389721e-07
(1.1680194001002289, 2.784852430261242, 3.1657357137781026) 3.47494377682e-07
(1.1678127050012943, 2.784755181610952, 3.1655148144769982) 3.47493365146e-07
(1.1676059542251551, 2.7846579153199094, 3.165293862807136) 3.47492352113e-07
(1.1673991477375296, 2.7845606313822886, 3.1650728587375094) 3.47491338582e-07
(1.1671922855041088, 2.7844633297922736, 3.164851802237079) 3.47490324552e-07
(1.1669853674905848, 2.7843660105440398, 3.164630693274794) 3.47489310023e-07
(1.166778393662576, 2.7842686736317668, 3.1644095318195515) 3.47488294996e-07
(1.1665713639857023, 2.784171319049633, 3.1641883178402463) 3.47487279468e-07
(1.1663642784255446, 2.7840739467918274, 3.1639670513057205) 3.47486263441e-07
(1.166157136947633, 2.783976556852525, 3.1637457321847937) 3.47485246912e-07
(1.1659499395174824, 2.783879149225877, 3.163524360446259) 3.47484229884e-07
(1.1657426861005753, 2.7837817239060834, 3.1633029360588765) 3.47483212353e-07
(1.1655353766623446, 2.783684280887296, 3.1630814589913587) 3.47482194321e-07
(1.1653280111682063, 2.783586820163705, 3.1628599292124115) 3.47481175787e-07
(1.165120589583551, 2.783489341729474, 3.1626383466907084) 3.4748015675e-07
(1.1649131118737244, 2.7833918455787754, 3.162416711394878) 3.47479137211e-07
(1.16470557800405, 2.7832943317057697, 3.1621950232935343) 3.47478117167e-07
(1.1644979879397908, 2.783196800104627, 3.1619732823552504) 3.4747709662e-07
(1.1642903416462096, 2.7830992507695163, 3.161751488548567) 3.47476075569e-07
(1.164082639088549, 2.783001683694608, 3.1615296418420145) 3.47475054013e-07
(1.1638748802319712, 2.782904098874053, 3.1613077422040576) 3.47474031952e-07
(1.1636670650416343, 2.782806496302023, 3.161085789603161) 3.47473009385e-07
(1.163459193482668, 2.7827088759726863, 3.1608637840077485) 3.47471986313e-07
(1.1632512655201412, 2.782611237880195, 3.1606417253862022) 3.47470962734e-07
(1.1630432811191327, 2.7825135820187104, 3.160419613706888) 3.47469938648e-07
(1.162835240244682, 2.78241590838241, 3.1601974489381495) 3.47468914055e-07
(1.1626271428617512, 2.7823182169654324, 3.1599752310482803) 3.47467888954e-07
(1.1624189889353176, 2.782220507761946, 3.1597529600055543) 3.47466863345e-07
(1.162210778430286, 2.782122780766093, 3.1595306357781934) 3.4746583722e-07
(1.162002511227833, 2.7820250358882928, 3.1593082582506744) 3.47464810593e-07
(1.1617941873765358, 2.781927273206456, 3.159085827474902) 3.47463783457e-07
(1.1615858068412381, 2.781829492714735, 3.1588633434190263) 3.47462755811e-07
(1.1613773695867269, 2.7817316944072767, 3.1586408060511717) 3.47461727655e-07
(1.1611688755777625, 2.7816338782782437, 3.158418215339403) 3.47460698988e-07
(1.160960324779086, 2.7815360443217823, 3.158195571251776) 3.4745966981e-07
(1.1607517171553785, 2.781438192532039, 3.1579728737563135) 3.47458640121e-07
(1.16054305267131, 2.781340322903162, 3.1577501228210205) 3.4745760992e-07
(1.1603343312915155, 2.7812424354292973, 3.157527318413827) 3.47456579206e-07
(1.1601255529805847, 2.781144530104605, 3.157304460502682) 3.4745554798e-07
(1.1599167177030894, 2.78104660692323, 3.1570815490554804) 3.4745451624e-07
(1.1597078254235467, 2.7809486658792926, 3.1568585840400663) 3.47453483986e-07
(1.1594988761064797, 2.780850706966969, 3.1566355654242906) 3.47452451219e-07
(1.1592898697163296, 2.7807527302639334, 3.1564124931759423) 3.47451417937e-07
(1.159080806217538, 2.780654735680775, 3.1561893672628094) 3.4745038414e-07
(1.1588716855744976, 2.78055672321163, 3.1559661876526275) 3.47449349827e-07
(1.158662507751577, 2.780458692850645, 3.1557429543131073) 3.47448314999e-07
(1.1584532727131018, 2.780360644591958, 3.1555196672119172) 3.47447279654e-07
(1.1582439804233733, 2.7802625784296957, 3.1552963263166935) 3.47446243793e-07
(1.1580346308466591, 2.780164494358007, 3.155072931595052) 3.47445207415e-07
(1.1578252240313516, 2.7800663923710265, 3.154849483098035) 3.47444170519e-07
(1.1576157598574865, 2.779968272462899, 3.1546259807097234) 3.47443133105e-07
(1.1574062382892258, 2.7798701346277532, 3.1544024243976447) 3.47442095173e-07
(1.15719665929071, 2.779771978859737, 3.154178814129284) 3.47441056722e-07
(1.1569870228260208, 2.7796738051529766, 3.1539551498720892) 3.47440017751e-07
(1.156777328859225, 2.7795756135015934, 3.153731431593487) 3.47438978261e-07
(1.15656757735435, 2.779477403899743, 3.153507659260857) 3.4743793825e-07
(1.1563577682753947, 2.7793791763415445, 3.153283832841556) 3.47436897719e-07
(1.156147901586321, 2.779280930821138, 3.153059952302903) 3.47435856667e-07
(1.1559379772510467, 2.779182667332636, 3.1528360176121963) 3.47434815093e-07
(1.1557279952334578, 2.77908438587017, 3.1526120287366974) 3.47433772997e-07
(1.1555179554974309, 2.778986086427882, 3.1523879856436268) 3.47432730379e-07
(1.155307858006781, 2.7788877689998817, 3.1521638883001812) 3.47431687237e-07
(1.155097702725296, 2.7787894335803087, 3.15193973667352) 3.47430643573e-07
(1.1548874896167356, 2.7786910801632847, 3.1517155307307854) 3.47429599384e-07
(1.1546772186448124, 2.7785927087429196, 3.1514912704390485) 3.47428554672e-07
(1.154466889773237, 2.7784943193133516, 3.151266955765393) 3.47427509434e-07
(1.1542565029656473, 2.7783959118687105, 3.1510425866768563) 3.47426463672e-07
(1.1540460581856582, 2.778297486403105, 3.150818163140429) 3.47425417384e-07
(1.1538355553968564, 2.77819904291066, 3.1505936851230736) 3.4742437057e-07
(1.1536249945628103, 2.7781005813855035, 3.150369152591733) 3.47423323229e-07
(1.1534143756470165, 2.7780021018217504, 3.1501445655133025) 3.47422275362e-07
(1.1532036986129741, 2.7779036042135283, 3.1499199238546636) 3.47421226967e-07
(1.152992963424118, 2.777805088554945, 3.1496952275826287) 3.47420178045e-07
(1.152782170043863, 2.7777065548401243, 3.149470476664027) 3.47419128594e-07
(1.1525713184355872, 2.777608003063175, 3.1492456710656103) 3.47418078614e-07
(1.1523604085626282, 2.777509433218225, 3.1490208107541204) 3.47417028105e-07
(1.152149440388301, 2.7774108452993795, 3.1487958956962663) 3.47415977059e-07
(1.1519384137933513, 2.7773122392182246, 3.14857092577618) 3.4741492549e-07
(1.1517273288235446, 2.7772136150514077, 3.148345901043036) 3.4741387339e-07
(1.1515161854420797, 2.7771149727930595, 3.1481208214634337) 3.4741282076e-07
(1.1513049836121294, 2.7770163124372793, 3.1478956870039396) 3.47411767598e-07
(1.1510937232968232, 2.7769176339781736, 3.1476704976310885) 3.47410713904e-07
(1.1508824044592627, 2.7768189374098564, 3.147445253311393) 3.47409659678e-07
(1.1506710270625102, 2.7767202227264502, 3.1472199540113093) 3.47408604919e-07
(1.1504595910696098, 2.7766214899220585, 3.1469945996972952) 3.47407549627e-07
(1.1502480964435489, 2.7765227389907916, 3.146769190335755) 3.47406493801e-07
(1.150036543147287, 2.7764239699267574, 3.1465437258930473) 3.47405437441e-07
(1.1498249311437454, 2.7763251827240625, 3.146318206335516) 3.47404380547e-07
(1.1496132603958225, 2.776226377376805, 3.1460926316294646) 3.47403323117e-07
(1.1494015308663605, 2.776127553879103, 3.1458670017411694) 3.47402265152e-07
(1.1491897425181885, 2.77602871230738, 3.145641316636857) 3.4740120665e-07
(1.1489778953140937, 2.775929852573414, 3.145415576282764) 3.47400147613e-07
(1.1487659892168127, 2.7758309746712873, 3.1451897806450284) 3.47399088038e-07
(1.1485540241890588, 2.7757320785951256, 3.1449639296897973) 3.47398027926e-07
(1.1483420001935278, 2.775633164339014, 3.1447380233831774) 3.47396967276e-07
(1.1481299171928463, 2.775534231897072, 3.144512061691231) 3.47395906088e-07
(1.1479177751496177, 2.7754352812633876, 3.1442860445799803) 3.47394844361e-07
(1.147705574109367, 2.7753363124320667, 3.144059972097684) 3.47393782095e-07
(1.1474933139516887, 2.7752373253972267, 3.143833844128073) 3.47392719289e-07
(1.1472809946390894, 2.7751383201529443, 3.1436076606370724) 3.47391655944e-07
(1.147068616134025, 2.775039296693337, 3.143381421590578) 3.47390592057e-07
(1.146856178398931, 2.7749402550125013, 3.1431551269544515) 3.4738952763e-07
(1.1466436813961904, 2.7748411951045338, 3.142928776694535) 3.47388462661e-07
(1.1464311250881818, 2.7747421169635222, 3.1427023707766293) 3.4738739715e-07
(1.1462185094372, 2.774643020583574, 3.142475909166484) 3.47386331096e-07
(1.146005834405558, 2.7745439059587844, 3.1422493918298247) 3.47385264499e-07
(1.1457930999554975, 2.7744447730832524, 3.142022818732351) 3.47384197359e-07
(1.1455803060492213, 2.774345621951063, 3.1417961898397166) 3.47383129676e-07
(1.1453674526489228, 2.7742464525563184, 3.1415695051175496) 3.47382061447e-07
(1.145154539716716, 2.774147264893101, 3.1413427645314305) 3.47380992674e-07
(1.1449415672147372, 2.774048058955515, 3.141115968046916) 3.47379923356e-07
(1.1447285351050513, 2.773948834737652, 3.1408891156295393) 3.47378853491e-07
(1.1445154433496836, 2.7738495922336197, 3.1406622072447776) 3.47377783081e-07
(1.1443022919106363, 2.773750331437493, 3.1404352428580813) 3.47376712123e-07
(1.1440890807498576, 2.7736510523433626, 3.1402082224348655) 3.47375640619e-07
(1.1438758098292723, 2.77355175494531, 3.139981145940498) 3.47374568567e-07
(1.1436624791107914, 2.773452439237452, 3.139754013340347) 3.47373495966e-07
(1.1434490885562367, 2.7733531052138507, 3.1395268245997037) 3.47372422817e-07
(1.1432356381274444, 2.7732537528686243, 3.13929957968386) 3.47371349119e-07
(1.143022127786196, 2.7731543821958415, 3.139072278558047) 3.47370274871e-07
(1.1428085574942215, 2.773054993189591, 3.1388449211874803) 3.47369200074e-07
(1.1425949272132359, 2.772955585843966, 3.1386175075373215) 3.47368124725e-07
(1.1423812369049073, 2.772856160153053, 3.138390037572709) 3.47367048826e-07
(1.1421674865308573, 2.772756716110946, 3.1381625112587423) 3.47365972367e-07
(1.1419536759713713, 2.772657253630401, 3.1379349284791767) 3.47364895364e-07
(1.141739805269311, 2.7725577727868336, 3.1377072892803355) 3.47363817808e-07
(1.1415258743861993, 2.7724582735743213, 3.137479593627223) 3.47362739699e-07
(1.1413118832835427, 2.772358755986979, 3.1372518414848085) 3.47361661037e-07
(1.141097831922765, 2.772259220018857, 3.1370240328179877) 3.47360581821e-07
(1.140883720265297, 2.7721596656640646, 3.1367961675916733) 3.47359502051e-07
(1.1406695482724967, 2.7720600929166697, 3.1365682457707047) 3.47358421726e-07
(1.1404553159057274, 2.771960501770762, 3.1363402673199157) 3.47357340845e-07
(1.1402410231262654, 2.7718608922204275, 3.136112232204071) 3.47356259409e-07
(1.1400266698953887, 2.7717612642597507, 3.1358841403879305) 3.47355177416e-07
(1.1398122561743114, 2.7716616178828004, 3.13565599183619) 3.47354094867e-07
(1.1395977819242231, 2.7715619530836606, 3.1354277865135156) 3.4735301176e-07
(1.1393832471062912, 2.7714622698564204, 3.1351995243845603) 3.47351928095e-07
(1.1391686516816115, 2.7713625682762784, 3.134971205413921) 3.47350843872e-07
(1.1389539956112653, 2.7712628482561716, 3.1347428295661697) 3.47349759091e-07
(1.138739278856304, 2.7711631097901894, 3.134514396805845) 3.4734867375e-07
(1.1385245013777228, 2.7710633528724244, 3.1342859070974356) 3.4734758785e-07
(1.1383096631364817, 2.7709635774969414, 3.1340573604053987) 3.47346501389e-07
(1.1380947640935202, 2.770863783657825, 3.1338287566941587) 3.47345414368e-07
(1.1378798042097273, 2.7707639713491585, 3.133600095928099) 3.47344326785e-07
(1.1376647835276665, 2.770664140565, 3.1333713781525723) 3.47343238641e-07
(1.1374497019264398, 2.7705642912994533, 3.133142603250893) 3.47342149935e-07
(1.137234559366838, 2.7704644235465885, 3.1329137711873414) 3.47341060666e-07
(1.1370193558095778, 2.7703645373004733, 3.1326848819261364) 3.47339970834e-07
(1.136804091215378, 2.770264632555207, 3.1324559354315062) 3.47338880439e-07
(1.1365887655449025, 2.7701647093048583, 3.1322269316675966) 3.47337789479e-07
(1.1363733787587638, 2.7700647675434844, 3.1319978705985476) 3.47336697955e-07
(1.1361579308175704, 2.7699648072651977, 3.1317687521884685) 3.47335605865e-07
(1.1359424216818714, 2.7698648284640544, 3.131539576401402) 3.4733451321e-07
(1.1357268513121652, 2.769764831134127, 3.1313103432013683) 3.47333419989e-07
(1.1355112196689199, 2.7696648152694956, 3.1310810525523447) 3.47332326201e-07
(1.135295526712579, 2.769564780864231, 3.1308517044182813) 3.47331231846e-07
(1.135079772403546, 2.7694647279124216, 3.1306222987630963) 3.47330136923e-07
(1.1348639567021763, 2.769364656408134, 3.130392835550662) 3.47329041432e-07
(1.134648079568793, 2.7692645663454325, 3.130163314744804) 3.47327945373e-07
(1.1344321409636844, 2.7691644577184182, 3.1299337363093374) 3.47326848744e-07
(1.1342161408470801, 2.7690643305211307, 3.1297041002080017) 3.47325751546e-07
(1.1340000791792022, 2.7689641847476603, 3.1294744064045332) 3.47324653778e-07
(1.133783955920215, 2.768864020392086, 3.129244654862625) 3.47323555439e-07
(1.13356777103024, 2.768763837448491, 3.129014845545923) 3.47322456529e-07
(1.1333515244693808, 2.7686636359109182, 3.1287849784180346) 3.47321357047e-07
(1.1331352161976858, 2.7685634157734698, 3.128555053442551) 3.47320256993e-07
(1.1329188461751634, 2.7684631770302, 3.12832507058299) 3.47319156367e-07
(1.1327024143617912, 2.768362919675182, 3.128095029802861) 3.47318055167e-07
(1.1324859207175175, 2.7682626437025055, 3.1278649310656355) 3.47316953394e-07
(1.1322693652022304, 2.768162349106235, 3.127634774334731) 3.47315851046e-07
(1.1320527477757716, 2.768062035880422, 3.127404559573527) 3.47314748116e-07
(1.1318360683178632, 2.7679617039390485, 3.127174286665258) 3.47313644619e-07
(1.131619326868414, 2.7678613533563037, 3.1269439556533656) 3.47312540545e-07
(1.131402523387132, 2.7677609841262485, 3.1267135665010892) 3.47311435896e-07
(1.1311856578337416, 2.7676605962429703, 3.1264831191716973) 3.47310330669e-07
(1.1309687301678983, 2.76756018970054, 3.1262526136283793) 3.47309224866e-07
(1.1307517403492386, 2.767459764493033, 3.126022049834295) 3.47308118485e-07
(1.130534688337348, 2.7673593206145015, 3.1257914277525707) 3.47307011525e-07
(1.130317574091756, 2.7672588580590207, 3.1255607473462637) 3.47305903987e-07
(1.130100397571977, 2.7671583768206696, 3.1253300085784534) 3.4730479587e-07
(1.1298831587374825, 2.7670578768935234, 3.125099211412134) 3.47303687172e-07
(1.1296658575476972, 2.7669573582716476, 3.124868355810279) 3.47302577895e-07
(1.1294484939620275, 2.766856820949116, 3.1246374417358203) 3.47301468037e-07
(1.1292310679398028, 2.7667562649199864, 3.1244064691516398) 3.47300357597e-07
(1.1290135794403464, 2.7666556902582564, 3.1241754380206106) 3.47299246576e-07
(1.1287960284229404, 2.7665550968780783, 3.123944348305553) 3.47298134972e-07
(1.1285784148467963, 2.7664544847735058, 3.123713199969244) 3.47297022785e-07
(1.128360738671119, 2.7663538539386128, 3.123481992974409) 3.47295910015e-07
(1.1281429998550476, 2.7662532043674686, 3.1232507272837533) 3.47294796662e-07
(1.1279251983577145, 2.7661525360541463, 3.1230194028599505) 3.47293682723e-07
(1.1277073341381967, 2.7660518489927277, 3.1227880196656246) 3.472925682e-07
(1.1274894072360215, 2.765951143177268, 3.122556577743164) 3.47291453092e-07
(1.1272714175296854, 2.7658504186018633, 3.122325076975307) 3.47290337397e-07
(1.127053364978141, 2.7657496752605617, 3.1220935173245636) 3.47289221117e-07
(1.1268352495402976, 2.765648913147441, 3.1218618987534) 3.47288104249e-07
(1.1266170711750356, 2.7655481322565807, 3.1216302212242377) 3.47286986793e-07
(1.1263988298411973, 2.765447332582056, 3.1213984846994833) 3.4728586875e-07
(1.1261805254975628, 2.765346514117923, 3.121166689141479) 3.47284750118e-07
(1.1259621581028973, 2.7652456768582647, 3.1209348345125405) 3.47283630897e-07
(1.1257437276158921, 2.765144820797134, 3.1207029207749204) 3.47282511086e-07
(1.125525233995255, 2.765043945928632, 3.1204709478908885) 3.47281390685e-07
(1.1253066771995925, 2.764943052246796, 3.1202389158225983) 3.47280269693e-07
(1.1250880571875044, 2.764842139745712, 3.1200068245322257) 3.4727914811e-07
(1.1248693739175515, 2.764741208419457, 3.119774673981887) 3.47278025936e-07
(1.1246506273482442, 2.7646402582620984, 3.1195424641336555) 3.47276903169e-07
(1.124431817438049, 2.7645392892677143, 3.1193101949495663) 3.47275779809e-07
(1.1242129441454045, 2.764438301430375, 3.1190778663916228) 3.47274655856e-07
(1.1239940074286932, 2.7643372947441414, 3.1188454784217634) 3.47273531309e-07
(1.12377500724627, 2.764236269203095, 3.1186130310019147) 3.47272406168e-07
(1.1235559435564366, 2.7641352248013122, 3.118380524093957) 3.47271280431e-07
(1.1233368163174737, 2.7640341615328645, 3.1181479576597275) 3.472701541e-07
(1.123117625487599, 2.7639330793918013, 3.1179153316610115) 3.47269027172e-07
(1.1228983710250016, 2.76383197837222, 3.1176826460595715) 3.47267899648e-07
(1.1226790528878277, 2.7637308584681928, 3.117449900817135) 3.47266771526e-07
(1.1224596710342003, 2.763629719673789, 3.11721709589538) 3.47265642807e-07
(1.122240225422163, 2.7635285619830774, 3.116984231255927) 3.4726451349e-07
(1.1220207160097493, 2.763427385390135, 3.1167513068603845) 3.47263383574e-07
(1.1218011427549248, 2.76332618988904, 3.116518322670305) 3.47262253051e-07
(1.121581505536735, 2.7632249753949454, 3.116285278568299) 3.47261121936e-07
(1.121361804391991, 2.763123741980849, 3.116052174594729) 3.4725999022e-07
(1.121142039278538, 2.7630224896408326, 3.115819010711041) 3.47258857904e-07
(1.120922210154198, 2.7629212183689518, 3.1155857868786225) 3.47257724986e-07
(1.1207023169767494, 2.762819928159298, 3.115352503058833) 3.47256591467e-07
(1.1204823597039306, 2.7627186190059554, 3.1151191592129983) 3.47255457344e-07
(1.1202623382934431, 2.762617290902988, 3.1148857553023803) 3.47254322619e-07
(1.1200422527029235, 2.762515943844473, 3.114652291288217) 3.47253187291e-07
(1.1198221028899815, 2.762414577824487, 3.1144187671316907) 3.47252051358e-07
(1.1196018888121897, 2.7623131928371065, 3.11418518279396) 3.4725091482e-07
(1.119381610427081, 2.7622117888763955, 3.1139515382361203) 3.47249777678e-07
(1.119161267692152, 2.7621103659364543, 3.113717833419257) 3.4724863993e-07
(1.1189408605648292, 2.762008924090086, 3.1134840683043845) 3.47247501575e-07
(1.1187203890025152, 2.7619074632526113, 3.113250242852499) 3.47246362614e-07
(1.11849985296258, 2.7618059834181214, 3.1130163570245446) 3.47245223045e-07
(1.1182792524023373, 2.761704484580681, 3.1127824107814326) 3.47244082869e-07
(1.1180585872790718, 2.761602966734387, 3.112548404084029) 3.47242942083e-07
(1.1178378575500114, 2.761501429873302, 3.112314336893149) 3.47241800689e-07
(1.1176170631723483, 2.7613998739915115, 3.112080209169561) 3.47240658686e-07
(1.11739620418257, 2.761298299083106, 3.111846020952648) 3.47239516072e-07
(1.117175280458452, 2.7611967051421598, 3.1116117721244736) 3.47238372848e-07
(1.1169542919570772, 2.761095092162765, 3.111377462645701) 3.47237229013e-07
(1.116733238635454, 2.7609934601389914, 3.1111430924769343) 3.47236084566e-07
(1.116512120450589, 2.760891809064927, 3.110908661578752) 3.47234939507e-07
(1.1162909373593912, 2.7607901389346368, 3.1106741699116744) 3.47233793834e-07
(1.1160696893187843, 2.760688449742231, 3.110439617436211) 3.47232647549e-07
(1.1158483762856088, 2.7605867414817777, 3.110205004112796) 3.47231500649e-07
(1.115626998216685, 2.760485014147371, 3.109970329901842) 3.47230353135e-07
(1.1154055550687758, 2.760383267733088, 3.1097355947636953) 3.47229205006e-07
(1.1151840467986247, 2.7602815022330156, 3.109500798658692) 3.47228056261e-07
(1.1149624733629044, 2.7601797176412375, 3.1092659415471062) 3.47226906899e-07
(1.1147408347182668, 2.7600779139518443, 3.109031023389172) 3.47225756921e-07
(1.1145191308213132, 2.759976091158912, 3.1087960441450906) 3.47224606326e-07
(1.1142973616285856, 2.759874249256536, 3.10856100377501) 3.47223455113e-07
(1.1140755270966052, 2.7597723882387952, 3.1083259022390184) 3.47222303281e-07
(1.1138536271818498, 2.7596705080997888, 3.1080907394972144) 3.4722115083e-07
(1.113631661840737, 2.7595686088336, 3.107855515509613) 3.4721999776e-07
(1.1134096310296535, 2.7594666904343086, 3.1076202302361824) 3.47218844069e-07
(1.1131875347049582, 2.7593647528960186, 3.1073848836368847) 3.47217689758e-07
(1.1129653728229265, 2.75926279621282, 3.107149475671593) 3.47216534826e-07
(1.1127431453398384, 2.7591608203787836, 3.1069140063001757) 3.47215379271e-07
(1.112520852211887, 2.759058825388015, 3.106678475482437) 3.47214223094e-07
(1.1122984933952627, 2.7589568112346052, 3.106442883178152) 3.47213066295e-07
(1.1120760688460853, 2.758854777912661, 3.1062072293470417) 3.47211908871e-07
(1.1118535785204289, 2.758752725416266, 3.1059715139487962) 3.47210750816e-07
(1.1116310222965966, 2.758650653661764, 3.1057357368653022) 3.47209592143e-07
(1.1114084002083198, 2.758548562721005, 3.1054998981338935) 3.47208432846e-07
(1.1111857122115638, 2.758446452588076, 3.1052639977141223) 3.47207272922e-07
(1.1109629582622254, 2.75834432325709, 3.105028035565498) 3.47206112372e-07
(1.1107401383161666, 2.758242174722134, 3.104792011647484) 3.47204951195e-07
(1.1105172523292237, 2.7581400069773094, 3.1045559259195072) 3.4720378939e-07
(1.110294300257169, 2.758037820016712, 3.1043197783409453) 3.47202626957e-07
(1.1100712820557321, 2.757935613834443, 3.104083568871135) 3.47201463896e-07
(1.1098481976806118, 2.757833388424588, 3.1038472974693625) 3.47200300205e-07
(1.1096250470874478, 2.7577311437812635, 3.1036109640948877) 3.47199135884e-07
(1.1094018302318513, 2.757628879898567, 3.1033745687069043) 3.47197970933e-07
(1.109178547069376, 2.7575265967706035, 3.1031381112645864) 3.47196805351e-07
(1.1089551975555447, 2.7574242943914697, 3.1029015917270373) 3.47195639138e-07
(1.1087317816458186, 2.757321972832803, 3.1026650100533297) 3.47194472292e-07
(1.1085082992956388, 2.7572196320111737, 3.1024283662025174) 3.47193304813e-07
(1.1082847504603686, 2.75711727192067, 3.1021916601335646) 3.47192136701e-07
(1.1080611350953702, 2.757014892555412, 3.1019548918054323) 3.47190967956e-07
(1.1078374531559163, 2.756912493909484, 3.1017180611770008) 3.47189798575e-07
(1.107613704597263, 2.7568100759769965, 3.101481168207126) 3.4718862856e-07
(1.1073898894527752, 2.756707638752078, 3.101244212932075) 3.4718745791e-07
(1.1071660075994707, 2.7566051822288333, 3.1010071952331684) 3.47186286623e-07
(1.1069420589924521, 2.7565027064013687, 3.1007701150691127) 3.47185114699e-07
(1.1067180435868096, 2.7564002112638004, 3.100532972398583) 3.47183942138e-07
(1.1064939613375568, 2.7562976968102255, 3.10029576718021) 3.47182768939e-07
(1.1062698121996803, 2.7561951630347648, 3.10005849937259) 3.47181595101e-07
(1.1060455961281195, 2.756092609931545, 3.099821168934271) 3.47180420624e-07
(1.1058213130777643, 2.7559900374946733, 3.0995837758237297) 3.47179245507e-07
(1.1055969630034794, 2.755887445718264, 3.0993463199994298) 3.4717806975e-07
(1.1053725458600558, 2.7557848345964433, 3.099108801419779) 3.47176893352e-07
(1.10514806160226, 2.755682204123309, 3.0988712200431436) 3.47175716313e-07
(1.1049235101847992, 2.755579554292986, 3.0986335758278254) 3.47174538631e-07
(1.1046988915623415, 2.7554768850996023, 3.098395868732095) 3.47173360307e-07
(1.1044742056895096, 2.7553741965372636, 3.0981580987141846) 3.47172181339e-07
(1.1042494525208886, 2.755271488600104, 3.0979202657322813) 3.47171001728e-07
(1.1040246320110003, 2.755168761282237, 3.097682369744506) 3.47169821471e-07
(1.1037997441143537, 2.755066014577777, 3.097444410708977) 3.4716864057e-07
(1.1035747887853753, 2.75496324848088, 3.097206388583725) 3.47167459023e-07
(1.1033497659784606, 2.754860462985635, 3.096968303326746) 3.4716627683e-07
(1.103124675647979, 2.754757658086212, 3.0967301548960076) 3.4716509399e-07
(1.1028995177482368, 2.7546548337767023, 3.096491943249402) 3.47163910502e-07
(1.1026742922334636, 2.754551990051244, 3.096253668344791) 3.47162726367e-07
(1.1024489990579034, 2.7544491269039715, 3.0960153301400095) 3.47161541582e-07
(1.102223638175718, 2.7543462443290103, 3.09577692859281) 3.47160356148e-07
(1.1019982095410294, 2.7542433423204833, 3.0955384636609242) 3.47159170065e-07
(1.1017727131079094, 2.7541404208725355, 3.095299935302027) 3.47157983331e-07
(1.1015471488304065, 2.754037479979302, 3.095061343473765) 3.47156795938e-07
(1.1013215165859402, 2.753934519558338, 3.0948226880571434) 3.471556079e-07
(1.1010958164050042, 2.753831539680376, 3.0945839690862758) 3.47154419211e-07
(1.100870048241495, 2.753728540339547, 3.094345186518644) 3.47153229868e-07
(1.1006442120492699, 2.753625521529984, 3.094106340311713) 3.47152039872e-07
(1.1004183077821075, 2.7535224832458303, 3.093867430422869) 3.47150849222e-07
(1.1001923353937835, 2.753419425481225, 3.09362845680947) 3.47149657917e-07
(1.099966294838004, 2.7533163482303036, 3.0933894194288376) 3.47148465956e-07
(1.0997401860684308, 2.7532132514872223, 3.0931503182382096) 3.4714727334e-07
(1.0995140090386817, 2.753110135246119, 3.0929111531948217) 3.47146080067e-07
(1.099287763702336, 2.753006999501152, 3.0926719242558374) 3.47144886137e-07
(1.0990614500129194, 2.7529038442464615, 3.0924326313783848) 3.47143691549e-07
(1.0988350679239127, 2.7528006694761915, 3.092193274519533) 3.47142496303e-07
(1.0986086173887337, 2.752697475260867, 3.0919538536363103) 3.47141300397e-07
(1.098382098360766, 2.752594261518248, 3.091714368685698) 3.47140103832e-07
(1.0981555107933563, 2.752491028242494, 3.0914748196246316) 3.47138906607e-07
(1.097928854639807, 2.7523877754277626, 3.0912352064100013) 3.47137708721e-07
(1.0977021298533416, 2.752284503068203, 3.090995528998654) 3.47136510173e-07
(1.09747533638718, 2.7521812111579633, 3.0907557873473737) 3.47135310964e-07
(1.0972484742714477, 2.752077899691218, 3.0905159814892036) 3.47134111092e-07
(1.0970215433822594, 2.751974568662116, 3.090276111304535) 3.47132910556e-07
(1.0967945436726967, 2.7518712180648293, 3.090036176750042) 3.47131709357e-07
(1.0965674750957555, 2.7517678478935137, 3.0897961777823117) 3.47130507493e-07
(1.0963403376044132, 2.7516644581423395, 3.089556114357901) 3.47129304964e-07
(1.0961131311515675, 2.751561048805459, 3.089315986433315) 3.47128101769e-07
(1.0958858556901, 2.7514576198770486, 3.089075793965023) 3.47126897907e-07
(1.0956585111728465, 2.7513541713512875, 3.088835536909434) 3.47125693379e-07
(1.095431097552566, 2.7512507032223277, 3.08859521522291) 3.47124488183e-07
(1.0952036147819912, 2.7511472154843366, 3.0883548288617533) 3.47123282318e-07
(1.0949760628137937, 2.7510437081315033, 3.088114377782255) 3.47122075784e-07
(1.0947484416006172, 2.750940181157992, 3.0878738619406176) 3.47120868581e-07
(1.0945207510950354, 2.750836634557985, 3.087633281293024) 3.47119660708e-07
(1.0942929912495885, 2.750733068325654, 3.0873926357955734) 3.47118452164e-07
(1.0940651620167716, 2.7506294824551714, 3.0871519254043593) 3.47117242948e-07
(1.0938372633490185, 2.7505258769407286, 3.086911150075397) 3.4711603306e-07
(1.0936092951987257, 2.750422251776505, 3.0866703097646666) 3.471148225e-07
(1.0933812575182453, 2.7503186069566676, 3.086429404428103) 3.47113611266e-07
(1.0931531502598724, 2.750214942475426, 3.0861884340215724) 3.47112399358e-07
(1.0929249733758475, 2.7501112583269425, 3.085947398500912) 3.47111186775e-07
(1.0926967268183985, 2.750007554505422, 3.0857062978219165) 3.47109973517e-07
(1.092468410539658, 2.74990383100504, 3.085465131940302) 3.47108759584e-07
(1.0922400244917339, 2.74980008781999, 3.085223900811759) 3.47107544973e-07
(1.0920115686266911, 2.749696324944481, 3.084982604391917) 3.47106329686e-07
(1.0917830428965398, 2.7495925423726963, 3.0847412426363756) 3.47105113721e-07
(1.0915544472532415, 2.7494887400988266, 3.0844998155006524) 3.54584929086e-07
(1.1661361017443574, 2.8241952382127327, 3.1590686430358943) 3.47514057436e-07
(1.1659284472571894, 2.8240979698322692, 3.1588497429715) 3.47513049648e-07
(1.1657207361606654, 2.8240006840709495, 3.1586307910997617) 3.47512041363e-07
(1.1655129684193657, 2.8239033809232374, 3.1584117873898254) 3.4751103258e-07
(1.1653051439978521, 2.8238060603835815, 3.158192731810812) 3.47510023299e-07
(1.1650972628606635, 2.8237087224464528, 3.157973624331832) 3.47509013518e-07
(1.1648893249722907, 2.8236113671063054, 3.157754464921947) 3.47508003239e-07
(1.1646813302971908, 2.8235139943576124, 3.1575352535501913) 3.4750699246e-07
(1.164473278799794, 2.823416604194822, 3.1573159901855736) 3.47505981181e-07
(1.164265170444491, 2.8233191966123834, 3.1570966747970526) 3.47504969401e-07
(1.1640570051956516, 2.823221771604782, 3.156877307353599) 3.47503957121e-07
(1.1638487830175854, 2.8231243291664465, 3.1566578878240983) 3.47502944339e-07
(1.1636405038745954, 2.8230268692918514, 3.1564384161774584) 3.47501931056e-07
(1.163432167730936, 2.822929391975443, 3.1562188923825145) 3.4750091727e-07
(1.1632237745508325, 2.8228318972116835, 3.1559993164081073) 3.47499902974e-07
(1.1630153242141583, 2.8227343849106985, 3.1557796881386895) 3.47498888182e-07
(1.162806816769378, 2.8226368551512735, 3.1555600076273524) 3.47497872887e-07
(1.162598252180617, 2.822539307927864, 3.1553402748428283) 3.47496857088e-07
(1.162389630411968, 2.8224417432349287, 3.1551204897537954) 3.47495840785e-07
(1.1621809514274775, 2.822344161066908, 3.1549006523289433) 3.47494823978e-07
(1.1619722151911656, 2.82224656141826, 3.154680762536901) 3.47493806665e-07
(1.1617634216670185, 2.822148944283433, 3.1544608203462814) 3.47492788846e-07
(1.1615545708189967, 2.8220513096568816, 3.1542408257256613) 3.47491770522e-07
(1.1613456626110086, 2.8219536575330473, 3.154020778643578) 3.47490751691e-07
(1.1611366970069366, 2.8218559879063814, 3.1538006790685595) 3.47489732354e-07
(1.1609276739706405, 2.821758300771343, 3.1535805269690975) 3.47488712509e-07
(1.1607185934659197, 2.8216605961223675, 3.1533603223136275) 3.47487692156e-07
(1.160509455456561, 2.8215628739539054, 3.1531400650705783) 3.47486671296e-07
(1.160300259906327, 2.821465134344543, 3.1529197552083508) 3.47485649926e-07
(1.1600910067789036, 2.821367377204572, 3.1526993926953013) 3.47484628048e-07
(1.1598816960379645, 2.821269602528434, 3.152478977499757) 3.47483605661e-07
(1.1596723276471732, 2.82117181031059, 3.1522585095900286) 3.47482582763e-07
(1.1594629015701157, 2.8210740005454698, 3.1520379889343673) 3.47481559356e-07
(1.1592534177703797, 2.820976173227524, 3.151817415501025) 3.47480535437e-07
(1.1590438762114983, 2.8208783283511987, 3.1515967892581953) 3.47479511008e-07
(1.158834276941711, 2.8207804659109352, 3.151376110258068) 3.47478486067e-07
(1.1586246198397572, 2.8206825859011744, 3.1511553783847646) 3.47477460614e-07
(1.1584149048690762, 2.8205846883163783, 3.1509345936064146) 3.47476434649e-07
(1.1582051319930482, 2.8204867731509644, 3.1507137558910814) 3.47475408171e-07
(1.1579953011750452, 2.82038884039939, 3.1504928652068167) 3.47474381179e-07
(1.1577854123783815, 2.8202908900560795, 3.1502719215216275) 3.47473353674e-07
(1.1575754655663686, 2.8201929221154844, 3.1500509248034994) 3.47472325655e-07
(1.1573654607022645, 2.8200949365720445, 3.1498298750203944) 3.47471297121e-07
(1.1571553977492768, 2.819996933420188, 3.149608772140221) 3.47470268072e-07
(1.1569452766706054, 2.819898912654365, 3.149387616130867) 3.47469238507e-07
(1.1567350974294013, 2.8198008742690024, 3.1491664069602066) 3.47468208426e-07
(1.1565248599887756, 2.819702818258546, 3.1489451445960315) 3.47467177829e-07
(1.156314564311809, 2.819604744617433, 3.1487238290061685) 3.47466146716e-07
(1.1561042103615504, 2.8195066533400963, 3.1485024601583715) 3.47465115084e-07
(1.155893798101014, 2.8194085444209764, 3.148281038020354) 3.47464082936e-07
(1.1556833274931715, 2.819310417854507, 3.1480595625598164) 3.47463050269e-07
(1.1554727985009663, 2.819212273635125, 3.1478380337444354) 3.47462017083e-07
(1.1552622110873025, 2.81911411175725, 3.147616451541835) 3.47460983378e-07
(1.1550515652150415, 2.8190159322153288, 3.1473948159196103) 3.47459949154e-07
(1.1548408608470282, 2.8189177350037906, 3.147173126845338) 3.4745891441e-07
(1.1546300979460535, 2.8188195201170827, 3.1469513842865484) 3.47457879145e-07
(1.1544192764748884, 2.8187212875496246, 3.1467295882107553) 3.4745684336e-07
(1.15420839639625, 2.8186230372958487, 3.146507738585422) 3.47455807053e-07
(1.153997457672828, 2.8185247693501934, 3.1462858353779826) 3.47454770225e-07
(1.1537864602672785, 2.8184264837070696, 3.1460638785558475) 3.47453732875e-07
(1.1535754041422186, 2.818328180360936, 3.1458418680863898) 3.47452695002e-07
(1.153364289260228, 2.818229859306207, 3.1456198039369467) 3.47451656605e-07
(1.1531531155838621, 2.8181315205373263, 3.145397686074829) 3.47450617677e-07
(1.1529418829925435, 2.8180331639656213, 3.145175514384227) 3.47449578233e-07
(1.1527305915318162, 2.817934789668624, 3.1449532889154646) 3.47448538265e-07
(1.152519241164125, 2.8178363976407623, 3.1447310096357577) 3.47447497771e-07
(1.1523078318518747, 2.8177379878764723, 3.1445086765122716) 3.47446456752e-07
(1.1520963635574348, 2.817639560370174, 3.1442862895121593) 3.47445415208e-07
(1.1518848362431384, 2.817541115116315, 3.144063848602542) 3.47444373137e-07
(1.1516732498712565, 2.817442652109292, 3.1438413537504815) 3.4744333054e-07
(1.151461604404077, 2.817344171343557, 3.1436188049230362) 3.47442287415e-07
(1.1512498998038059, 2.8172456728135304, 3.1433962020872186) 3.47441243763e-07
(1.1510381360326203, 2.8171471565136303, 3.1431735452099967) 3.47440199583e-07
(1.150826313052683, 2.817048622438291, 3.1429508342583197) 3.47439154874e-07
(1.1506144308260955, 2.816950070581936, 3.1427280691991113) 3.47438109637e-07
(1.1504024893149494, 2.816851500938994, 3.1425052499992585) 3.4743706387e-07
(1.1501904884812637, 2.8167529135038847, 3.142282376625592) 3.47436017573e-07
(1.1499784282870553, 2.816654308353916, 3.1420594490449405) 3.47434970746e-07
(1.1497663086942793, 2.8165556854006244, 3.141836467224079) 3.47433923388e-07
(1.1495541296648675, 2.816457044638431, 3.141613431129762) 3.47432875499e-07
(1.149341891160701, 2.8163583860617694, 3.141390340728703) 3.47431827078e-07
(1.1491295931436694, 2.8162597096650677, 3.1411671959875904) 3.47430778125e-07
(1.1489172355755566, 2.816161015442726, 3.1409439968730593) 3.47429728639e-07
(1.1487048185016677, 2.8160623033891845, 3.140720743434525) 3.47428678621e-07
(1.148492341800247, 2.8159635734988644, 3.140497435555776) 3.47427628069e-07
(1.148279805432978, 2.8158648257661842, 3.1402740732033543) 3.47426576983e-07
(1.1480672093615718, 2.8157660601855956, 3.1400506563437807) 3.47425525363e-07
(1.1478545535476419, 2.8156672767514945, 3.139827184943529) 3.47424473208e-07
(1.1476418379527644, 2.815568475458295, 3.139603658969035) 3.47423420517e-07
(1.1474290625385326, 2.8154696563004458, 3.13938007838673) 3.47422367291e-07
(1.147216227266449, 2.815370819272361, 3.139156443162984) 3.47421313528e-07
(1.147003332098014, 2.815271964368458, 3.1389327532641444) 3.47420259228e-07
(1.146790376994658, 2.8151730915831594, 3.13870900865651) 3.47419204391e-07
(1.1465773619178026, 2.815074200910886, 3.1384852093063693) 3.47418149017e-07
(1.1463642868287969, 2.8149752923460487, 3.138261355179946) 3.47417093104e-07
(1.146151151689007, 2.814876365883088, 3.1380374462434664) 3.47416036653e-07
(1.1459379564597116, 2.814777421516421, 3.137813482463096) 3.47414979662e-07
(1.14572470110218, 2.8146784592404632, 3.1375894638049804) 3.47413922132e-07
(1.1455113855776307, 2.8145794790496326, 3.137365390235218) 3.47412864062e-07
(1.1452980098472474, 2.814480480938352, 3.137141261719882) 3.47411805452e-07
(1.145084573872182, 2.8143814649010377, 3.136917078225015) 3.474107463e-07
(1.1448710776135451, 2.8142824309321273, 3.136692839716615) 3.47409686607e-07
(1.1446575210324001, 2.8141833790260304, 3.136468546160644) 3.47408626372e-07
(1.1444439040897965, 2.8140843091771734, 3.1362441975230486) 3.47407565595e-07
(1.1442302267467217, 2.8139852213799523, 3.136019793769709) 3.47406504274e-07
(1.1440164889641187, 2.8138861156288035, 3.1357953348664873) 3.47405442411e-07
(1.143802690702929, 2.813786991918146, 3.135570820779231) 3.47404380003e-07
(1.1435888319240184, 2.8136878502423976, 3.135346251473728) 3.47403317051e-07
(1.1433749125882442, 2.813588690595983, 3.1351216269157365) 3.47402253555e-07
(1.1431609326564207, 2.8134895129733177, 3.1348969470709913) 3.47401189513e-07
(1.1429468920892958, 2.813390317368817, 3.1346722119051633) 3.47400124917e-07
(1.142732790765757, 2.8132911036950463, 3.134447421302062) 3.47399059783e-07
(1.142518628728336, 2.8131918720282996, 3.1342225753091655) 3.47397994102e-07
(1.142304405937679, 2.813092622362975, 3.1339976738920408) 3.47396927874e-07
(1.142090122354415, 2.8129933546935146, 3.133772717016249) 3.47395861099e-07
(1.1418757779391215, 2.812894069014322, 3.133547704647298) 3.47394793775e-07
(1.1416613726523341, 2.8127947653198127, 3.1333226367506763) 3.47393725903e-07
(1.141446906454546, 2.812695443604412, 3.1330975132918293) 3.47392657481e-07
(1.1412323793062338, 2.8125961038625444, 3.1328723342361573) 3.4739158851e-07
(1.1410177911677966, 2.812496746088608, 3.1326470995490356) 3.47390518989e-07
(1.1408031419996334, 2.8123973702770444, 3.13242180919581) 3.47389448918e-07
(1.1405884317620956, 2.8122979764222693, 3.132196463141791) 3.47388378295e-07
(1.1403736604154813, 2.8121985645186944, 3.131971061352234) 3.47387307121e-07
(1.1401588279200554, 2.8120991345607482, 3.1317456037923757) 3.47386235395e-07
(1.1399439342360442, 2.8119996866244925, 3.1315200904274043) 3.47385163117e-07
(1.1397289793236518, 2.811900220622678, 3.131294521222501) 3.47384090286e-07
(1.1395139631430131, 2.8118007365497153, 3.131068896142786) 3.47383016901e-07
(1.1392988856542605, 2.8117012344000534, 3.1308432151533627) 3.47381942962e-07
(1.139083746817459, 2.8116017141680905, 3.1306174782192606) 3.47380868469e-07
(1.1388685465926445, 2.81150217584826, 3.130391685305524) 3.47379793421e-07
(1.1386532849398163, 2.8114026194349635, 3.130165836377119) 3.47378717818e-07
(1.1384379619011875, 2.8113030449226226, 3.129939931480554) 3.47377641659e-07
(1.1382225773544175, 2.811203452305662, 3.129713970499178) 3.47376564944e-07
(1.1380071312593854, 2.811103841578494, 3.1294879533978786) 3.47375487672e-07
(1.1377916235759318, 2.811004212735545, 3.129261880141489) 3.47374409843e-07
(1.1375760542638507, 2.8109045657712444, 3.1290357506948085) 3.47373331456e-07
(1.1373604232829069, 2.8108049006800027, 3.128809565022612) 3.4737225251e-07
(1.1371447305928213, 2.810705217456239, 3.1285833230896274) 3.47371173006e-07
(1.1369289761532853, 2.8106055160943866, 3.1283570248605646) 3.47370092943e-07
(1.1367131599239082, 2.810505796588844, 3.1281306703000546) 3.47369012319e-07
(1.1364972818643144, 2.8104060589340487, 3.1279042593727215) 3.47367931136e-07
(1.136281341934079, 2.810306303124409, 3.127677792043168) 3.47366849391e-07
(1.1360653400927103, 2.8102065291543545, 3.12745126827593) 3.47365767086e-07
(1.1358492762996817, 2.810106737018297, 3.1272246880355246) 3.47364684218e-07
(1.1356331505144537, 2.8100069267106607, 3.126998051286436) 3.47363600788e-07
(1.1354169626964157, 2.8099070982258634, 3.126771357993089) 3.47362516796e-07
(1.1352007128049446, 2.809807251558328, 3.1265446081199038) 3.4736143224e-07
(1.134984400799353, 2.8097073867024744, 3.126317801631228) 3.47360347121e-07
(1.1347680266389348, 2.80960750365273, 3.1260909384913975) 3.47359261437e-07
(1.1345515902829197, 2.8095076024035106, 3.1258640186646938) 3.47358175188e-07
(1.1343350916905173, 2.8094076829492356, 3.1256370421153905) 3.47357088375e-07
(1.1341185308208903, 2.809307745284332, 3.1254100088076937) 3.47356000995e-07
(1.1339019076331749, 2.809207789403226, 3.125182918705801) 3.47354913049e-07
(1.1336852220864375, 2.8091078153003277, 3.124955771773824) 3.47353824537e-07
(1.1334684741397294, 2.809007822970067, 3.124728567975897) 3.47352735457e-07
(1.1332516637520527, 2.8089078124068805, 3.124501307276086) 3.47351645809e-07
(1.1330347908823617, 2.80880778360516, 3.1242739896384277) 3.47350555594e-07
(1.132817855489588, 2.808707736559353, 3.12404661502691) 3.47349464801e-07
(1.132600857451964, 2.8086076711832284, 3.1238191833248434) 3.47348373447e-07
(1.1323837968089736, 2.8085075875518695, 3.1235916945767914) 3.47347281522e-07
(1.1321666735194122, 2.8084074856597008, 3.123364148746639) 3.47346189028e-07
(1.1319494875420377, 2.8083073655011397, 3.123136545798228) 3.47345095963e-07
(1.1317322388355664, 2.808207227070617, 3.1229088856953617) 3.47344002326e-07
(1.1315149273586897, 2.8081070703625612, 3.122681168401827) 3.47342908118e-07
(1.1312975530700171, 2.808006895371379, 3.1224533938813317) 3.47341813337e-07
(1.131080115928182, 2.8079067020915147, 3.122225562097586) 3.47340717984e-07
(1.1308626158917219, 2.807806490517386, 3.121997673014255) 3.47339622057e-07
(1.1306450529191505, 2.807706260643429, 3.12176972659495) 3.47338525556e-07
(1.1304274269689498, 2.8076060124640714, 3.1215417228032596) 3.47337428481e-07
(1.1302097379995335, 2.8075057459737227, 3.121313661602718) 3.47336330831e-07
(1.1299919859693104, 2.8074054611668293, 3.121085542956846) 3.47335232605e-07
(1.1297741708366278, 2.807305158118253, 3.120857366829106) 3.47334133804e-07
(1.1295562925598057, 2.807204836741973, 3.120629133182941) 3.47333034426e-07
(1.1293383510971124, 2.8071044970324204, 3.120400841981735) 3.47331934472e-07
(1.1291203464067614, 2.807004138984018, 3.120172493188832) 3.4733083394e-07
(1.1289022784469323, 2.8069037625911855, 3.1199440867675623) 3.4732973283e-07
(1.1286841471757854, 2.8068033678483584, 3.119715622681199) 3.47328631141e-07
(1.1284659525514158, 2.8067029547499605, 3.1194871008929783) 3.47327528874e-07
(1.12824769461293, 2.8066025232904357, 3.119258521446442) 3.47326426027e-07
(1.1280293732373252, 2.80650207346422, 3.1190298842244184) 3.473253226e-07
(1.1278109883825833, 2.8064016052657546, 3.1188011891900436) 3.47324218593e-07
(1.1275925400066038, 2.8063011186894404, 3.118572436306371) 3.47323114005e-07
(1.1273740280673052, 2.8062006137297377, 3.1183436255364696) 3.47322008835e-07
(1.1271554525225482, 2.8061000903810736, 3.118114756843351) 3.47320903083e-07
(1.1269368133301332, 2.8059995486378786, 3.117885830189973) 3.47319796748e-07
(1.1267181104478339, 2.805898988494593, 3.1176568455392686) 3.4731868983e-07
(1.1264993438333923, 2.8057984099456506, 3.117427802854132) 3.47317582329e-07
(1.1262805134444716, 2.8056978129854837, 3.117198702097418) 3.47316474243e-07
(1.1260616192387227, 2.8055971976085097, 3.116969543231935) 3.47315365572e-07
(1.1258426611737502, 2.8054965638091955, 3.116740326220459) 3.47314256317e-07
(1.1256236392071128, 2.8053959115819627, 3.116511051025729) 3.47313146475e-07
(1.1254045532963406, 2.805295240921253, 3.1162817176104376) 3.47312036047e-07
(1.1251854033989033, 2.8051945518215065, 3.116052325937254) 3.47310925032e-07
(1.124966189472221, 2.805093844277157, 3.1158228759687794) 3.4730981343e-07
(1.1247469114736939, 2.8049931182826433, 3.1155933676675893) 3.4730870124e-07
(1.1245275693606653, 2.8048923738323963, 3.115363800996231) 3.47307588462e-07
(1.1243081630904583, 2.804791610920882, 3.1151341759172184) 3.47306475095e-07
(1.1240886926203175, 2.8046908295425124, 3.1149044923929936) 3.47305361138e-07
(1.1238691579074715, 2.804590029691748, 3.114674750385982) 3.47304246591e-07
(1.1236495589090993, 2.8044892113630193, 3.1144449498585685) 3.47303131453e-07
(1.123429895582351, 2.8043883745507827, 3.1142150907730963) 3.47302015725e-07
(1.1232101678843025, 2.8042875192494727, 3.1139851730918693) 3.47300899405e-07
(1.1229903757720046, 2.8041866454535342, 3.1137551967771344) 3.47299782492e-07
(1.122770519202474, 2.8040857531574077, 3.11352516179113) 3.47298664987e-07
(1.1225505981326724, 2.8039848423555465, 3.113295068096033) 3.47297546881e-07
(1.1223306124401047, 2.803883912962962, 3.113064915574558) 3.47296428189e-07
(1.1221105621610385, 2.8037829650535357, 3.1128347042682187) 3.47295308902e-07
(1.1218904472523428, 2.8036819986217143, 3.112604434139081) 3.47294189021e-07
(1.121670267670801, 2.80358101366196, 3.1123741051491782) 3.47293068544e-07
(1.1214500233731697, 2.8034800101687125, 3.1121437172604876) 3.47291947471e-07
(1.1212297143161627, 2.803378988136431, 3.111913270434963) 3.47290825802e-07
(1.1210093404564125, 2.8032779475595504, 3.1116827646344762) 3.47289703535e-07
(1.1207889017505517, 2.8031768884325126, 3.1114521998208957) 3.47288580671e-07
(1.1205683981551795, 2.8030758107498084, 3.111221575956062) 3.4728745721e-07
(1.1203478296268174, 2.8029747145058588, 3.110990893001757) 3.47286333149e-07
(1.1201271961219403, 2.802873599695124, 3.1107601509197047) 3.4728520849e-07
(1.1199064975970126, 2.802772466312067, 3.110529349671612) 3.4728408323e-07
(1.119685734008447, 2.8026713143511457, 3.1102984892191343) 3.47282957371e-07
(1.1194649053125796, 2.8025701438860238, 3.110067569523884) 3.4728183091e-07
(1.1192440114657394, 2.8024689548319355, 3.1098365905474568) 3.47280703849e-07
(1.1190230524241946, 2.8023677471833213, 3.109605552251375) 3.47279576185e-07
(1.1188020281441882, 2.802266520934651, 3.1093744545971487) 3.47278447919e-07
(1.1185809385819003, 2.802165276080391, 3.109143297546237) 3.4727731905e-07
(1.1183597836934713, 2.8020640126149923, 3.108912081060044) 3.47276189578e-07
(1.1181385635148517, 2.801962730532914, 3.108680805179087) 3.47275059502e-07
(1.1179172779222328, 2.8018614298286137, 3.1084494697855423) 3.47273928821e-07
(1.1176959268716458, 2.8017601104965704, 3.108218074840715) 3.47272797535e-07
(1.1174745103190529, 2.801658772531248, 3.1079866203058577) 3.47271665643e-07
(1.1172530282203785, 2.801557415927099, 3.1077551061421786) 3.47270533145e-07
(1.117031480531489, 2.8014560406785995, 3.1075235323108306) 3.47269400041e-07
(1.1168098672082247, 2.801354646780216, 3.1072918987729543) 3.47268266329e-07
(1.1165881882063677, 2.8012532342264036, 3.107060205489625) 3.47267132008e-07
(1.1163664434816607, 2.8011518030116336, 3.1068284524218743) 3.4726599708e-07
(1.1161446329898184, 2.8010503531303823, 3.106596639530719) 3.47264861542e-07
(1.1159227566864902, 2.800948884577121, 3.1063647667771144) 3.47263725395e-07
(1.1157008145272815, 2.800847397346314, 3.106132834121968) 3.47262588638e-07
(1.1154788064677719, 2.8007458914324426, 3.1059008415261693) 3.47261451269e-07
(1.1152567324634735, 2.8006443668299648, 3.105668788950532) 3.4726031329e-07
(1.1150345924698686, 2.8005428235333687, 3.1054366763558705) 3.47259174699e-07
(1.1148123864423798, 2.8004412615371153, 3.105204503702911) 3.47258035495e-07
(1.1145901143363997, 2.800339680835687, 3.1049722709523673) 3.47256895679e-07
(1.11436777610727, 2.8002380814235637, 3.10473997806492) 3.47255755249e-07
(1.1141453717102876, 2.800136463295229, 3.104507625001172) 3.47254614204e-07
(1.1139229011007186, 2.8000348264451613, 3.1042752117217143) 3.47253472546e-07
(1.113700364233758, 2.799933170867831, 3.104042738187086) 3.47252330272e-07
(1.1134777610645814, 2.7998314965577276, 3.1038102043577793) 3.47251187382e-07
(1.1132550915483015, 2.79972980350933, 3.103577610194257) 3.47250043876e-07
(1.113032355639983, 2.799628091717117, 3.1033449556569193) 3.47248899753e-07
(1.112809553294666, 2.7995263611755865, 3.1031122407061402) 3.47247755012e-07
(1.1125866844673253, 2.7994246118792145, 3.1028794653022507) 3.47246609654e-07
(1.1123637491128968, 2.7993228438224835, 3.1026466294055215) 3.47245463669e-07
(1.112140747108033, 2.7992210569216502, 3.1024137328979458) 3.47244317072e-07
(1.1119176784858085, 2.7991192512494503, 3.1021807758179687) 3.47243169856e-07
(1.111694543201024, 2.7990174268003685, 3.101947758125745) 3.47242022019e-07
(1.1114713412084438, 2.798915583568909, 3.1017146797813715) 3.47240873561e-07
(1.1112480724627711, 2.7988137215495517, 3.101481540744922) 3.47239724482e-07
(1.111024736918676, 2.7987118407367997, 3.1012483409764413) 3.47238574781e-07
(1.1108013345307808, 2.7986099411251546, 3.1010150804359027) 3.47237424457e-07
(1.1105778652536422, 2.798508022709097, 3.1007817590832305) 3.4723627351e-07
(1.1103543290417919, 2.7984060854831214, 3.1005483768783324) 3.4723512194e-07
(1.110130725849716, 2.798304129441743, 3.10031493378107) 3.47233969745e-07
(1.109907055631844, 2.7982021545794606, 3.1000814297512487) 3.47232816925e-07
(1.1096833183425685, 2.798100160890766, 3.0998478647486194) 3.4723166348e-07
(1.1094595139362313, 2.797998148370174, 3.0996142387329204) 3.47230509408e-07
(1.1092356423671261, 2.7978961170902243, 3.099380551663814) 3.4722935471e-07
(1.109011703589502, 2.7977940669673633, 3.099146803500961) 3.47228199385e-07
(1.1087876975575766, 2.797691997996092, 3.09891299420394) 3.47227043432e-07
(1.1085636242254902, 2.7975899101709283, 3.098679123732305) 3.47225886851e-07
(1.1083394835473603, 2.7974878034863733, 3.0984451920455576) 3.47224729641e-07
(1.1081152754772436, 2.7973856779369486, 3.098211199103159) 3.47223571801e-07
(1.1078910000478293, 2.7972835335171635, 3.097977144942475) 3.47222413331e-07
(1.1076666571344234, 2.7971813702215336, 3.0977430294449215) 3.47221254231e-07
(1.1074422466909668, 2.797079188044577, 3.0975088525698347) 3.472200945e-07
(1.1072177686713398, 2.7969769869808054, 3.097274614276505) 3.47218934137e-07
(1.1069932230293653, 2.796874767024742, 3.0970403145241496) 3.47217773141e-07
(1.1067686097188292, 2.7967725281709073, 3.0968059532719927) 3.47216611512e-07
(1.1065439286934626, 2.7966702704138013, 3.096571530479165) 3.47215449249e-07
(1.1063191799069825, 2.7965679937479764, 3.096337046104792) 3.47214286353e-07
(1.1060943633130018, 2.796465698167929, 3.0961025001079148) 3.47213122821e-07
(1.1058694788651462, 2.7963633836682042, 3.0958678924475556) 3.47211958655e-07
(1.10564452651694, 2.7962610502433187, 3.0956332230826975) 3.47210793852e-07
(1.105419506221901, 2.7961586978877992, 3.095398491972252) 3.47209628412e-07
(1.1051944179334876, 2.796056326596179, 3.0951636990751132) 3.47208462336e-07
(1.1049692616050986, 2.7959539363629817, 3.094928844350117) 3.47207295622e-07
(1.104744037190108, 2.795851527182749, 3.094693927756058) 3.47206128269e-07
(1.104518744641817, 2.7957490990500147, 3.094458949251682) 3.47204960277e-07
(1.1042933839134994, 2.7956466519593133, 3.0942239087956964) 3.47203791646e-07
(1.1040679549583714, 2.7955441859051837, 3.0939888063467507) 3.47202622375e-07
(1.1038424577296106, 2.795441700882148, 3.0937536418634672) 3.47201452463e-07
(1.1036168921803464, 2.7953391968847585, 3.093518415304417) 3.4720028191e-07
(1.1033912582636465, 2.795236673907558, 3.093283126628111) 3.47199110714e-07
(1.1031655559325364, 2.7951341319450838, 3.0930477757930293) 3.47197938877e-07
(1.1029397851400138, 2.7950315709918954, 3.0928123627576136) 3.47196766396e-07
(1.1027139458389845, 2.794928991042513, 3.09257688748024) 3.47195593271e-07
(1.1024880379823454, 2.7948263920914878, 3.0923413499192325) 3.47194419502e-07
(1.1022620615229581, 2.794723774133406, 3.0921057500329256) 3.47193245088e-07
(1.1020360164135787, 2.7946211371627943, 3.0918700877795384) 3.47192070021e-07
(1.1018099025299002, 2.794518481097152, 3.0916343630402228) 3.47190894315e-07
(1.1015837199016805, 2.794415806008099, 3.091398575850197) 3.47189717963e-07
(1.101357468481562, 2.7943131118901907, 3.0911627261675614) 3.47188540963e-07
(1.10113114822212, 2.794210398737981, 3.0909268139503774) 3.47187363315e-07
(1.1009047590759269, 2.7941076665460423, 3.090690839156682) 3.47186185018e-07
(1.1006783009954608, 2.794004915308915, 3.0904548017444182) 3.47185006072e-07
(1.100451773933196, 2.793902145021194, 3.09021870167154) 3.47183826477e-07
(1.100225177841528, 2.793799355677418, 3.0899825388959217) 3.47182646231e-07
(1.099998512672802, 2.7936965472721664, 3.0897463133753855) 3.47181465334e-07
(1.0997717783793277, 2.7935937198, 3.0895100250677294) 3.47180283786e-07
(1.099544974913361, 2.7934908732554935, 3.089273673930691) 3.47179101585e-07
(1.0993181022271181, 2.7933880076332183, 3.089037259921961) 3.47177918732e-07
(1.0990911602727569, 2.7932851230046185, 3.0888007829992) 3.47176735225e-07
(1.0988641490023894, 2.7931822192873894, 3.088564243120013) 3.47175551064e-07
(1.098637068368082, 2.7930792964761135, 3.0883276402419515) 3.47174366249e-07
(1.0984099183218332, 2.7929763545653588, 3.0880909743225176) 3.47173180778e-07
(1.0981826988156307, 2.7928733935497254, 3.087854245319189) 3.47171994651e-07
(1.097955409801357, 2.792770413423775, 3.087617453189338) 3.47170807868e-07
(1.0977280512308978, 2.7926674141821026, 3.0873805978903675) 3.47169620428e-07
(1.0975006231335178, 2.7925643958192983, 3.0871436794563434) 3.4716843233e-07
(1.0972731253835528, 2.7924613583299522, 3.086906697767793) 3.47167243574e-07
(1.097045557932701, 2.792358301708661, 3.0866696527819286) 3.47166054159e-07
(1.0968179207326443, 2.792255225950017, 3.086432544455943) 3.47164864084e-07
(1.0965902137349959, 2.792152131048613, 3.0861953727469404) 3.47163673349e-07
(1.0963624368913314, 2.792049016999051, 3.0859581376120375) 3.47162481953e-07
(1.0961345901531667, 2.791945883795927, 3.0857208390082485) 3.47161289896e-07
(1.095906673471978, 2.791842731433855, 3.0854834768925694) 3.47160097177e-07
(1.09567868679918, 2.79173955990743, 3.0852460512219246) 3.47158903794e-07
(1.0954506300861364, 2.7916363692112465, 3.0850085619532206) 3.47157709749e-07
(1.0952225032841723, 2.791533159339917, 3.084771009043297) 3.47156515039e-07
(1.094994306344566, 2.79142993028805, 3.084533392448946) 3.47155319665e-07
(1.0947660392185434, 2.7913266820502733, 3.0842957121269245) 3.47154123626e-07
(1.0945377018572684, 2.791223414621184, 3.084057968033924) 3.47152926921e-07
(1.0943092942118626, 2.791120127995404, 3.083820160126603) 3.47151729549e-07
(1.0940808162333928, 2.7910168221675584, 3.0835822883615696) 3.47150531511e-07
(1.0938522678728908, 2.7909134971322582, 3.08334435269536) 3.47149332804e-07
(1.0936236490813123, 2.7908101528841263, 3.0831063530844833) 3.47148133429e-07
(1.0933949598095911, 2.7907067894177917, 3.0828682894854085) 3.47146933385e-07
(1.093166200008578, 2.790603406727873, 3.0826301618545444) 3.47145732671e-07
(1.092937369629121, 2.790500004809018, 3.0823919701482585) 3.47144531288e-07
(1.0927084686219737, 2.790396583655844, 3.0821537143228515) 3.47143329233e-07
(1.0924794969378584, 2.7902931432629874, 3.081915394334601) 3.47142126506e-07
(1.0922504545274363, 2.7901896836250835, 3.081677010139703) 3.47140923108e-07
(1.0920213413413336, 2.7900862047367694, 3.0814385616943247) 3.47139719036e-07
(1.0917921573301141, 2.7899827065926797, 3.0812000489545985) 3.47138514284e-07
(1.0915629023684044, 2.789879189111584, 3.080961471800702) 3.47137308864e-07
(1.0913335764825542, 2.7897756523640185, 3.0807228302645324) 3.4713610277e-07
(1.0911041796229708, 2.789672096344633, 3.0804841243020507) 3.47134896e-07
(1.090874711740005, 2.7895685210480563, 3.0802453538691648) 3.47133688554e-07
(1.0906451727839865, 2.789464926468966, 3.0800065189217705) 3.47132480432e-07
(1.0904155627051673, 2.7893613126020025, 3.079767619415669) 3.47131271632e-07
(1.0901858814537657, 2.789257679441831, 3.0795286553066505) 3.47130062154e-07
(1.08995612897992, 2.7891540269831023, 3.0792896265504317) 3.47128851998e-07
(1.0897263052337607, 2.789050355220479, 3.079050533102691) 3.47127641162e-07
(1.0894964101653262, 2.788946664148626, 3.0788113749190305) 3.47126429646e-07
(1.0892664437246313, 2.788842953762213, 3.078572151955045) 3.4712521745e-07
(1.0890364058616175, 2.7887392240559112, 3.0783328641662324) 3.47124004573e-07
(1.0888062965261902, 2.788635475100079, 3.078093511508085) 3.47122791013e-07
(1.0885761156681997, 2.7885317068136835, 3.0778540939360313) 3.47121576772e-07
(1.0883458632374525, 2.788427919191404, 3.077614611405442) 3.47120361847e-07
(1.088115539183676, 2.7883241122279103, 3.077375063871635) 3.47119146238e-07
(1.087885143456571, 2.7882202859179013, 3.0771354512898865) 3.47117929945e-07
(1.0876546760057706, 2.7881164402560414, 3.0768957736154) 3.47116712966e-07
(1.0874241367808783, 2.7880125752370324, 3.076656030803376) 3.47115495302e-07
(1.0871935258077057, 2.7879086908555597, 3.0764162228844962) 3.47114276952e-07
(1.0869628429594564, 2.7878047871063005, 3.0761763497382577) 3.47113057914e-07
(1.0867320881855862, 2.7877008639839755, 3.0759364113196903) 3.47111838189e-07
(1.086501261435449, 2.787596921483262, 3.0756964075837434) 3.47110617775e-07
(1.0862703626583987, 2.7874929595988824, 3.0754563384853544) 3.47109396673e-07
(1.086039391803711, 2.7873889783255184, 3.075216203979372) 3.4710817488e-07
(1.0858083488205916, 2.7872849776578894, 3.0749760040206304) 3.47106952397e-07
(1.085577233658222, 2.78718095759069, 3.074735738563879) 3.47105729223e-07
(1.0853460462657127, 2.787076918118638, 3.074495407563843) 3.47104505357e-07
(1.0851147865921462, 2.7869728592364487, 3.0742550109751754) 3.47103280799e-07
(1.0848834545865171, 2.7868687809388306, 3.0740145487524826) 3.47102055548e-07
(1.0846520501978087, 2.786764683220514, 3.073774020850345) 3.47100829603e-07
(1.0844205733749148, 2.7866605660762067, 3.073533427223256) 3.47099602964e-07
(1.084189024066679, 2.786556429500631, 3.0732927678256563) 3.47098375629e-07
(1.0839574022219258, 2.7864522734885204, 3.073052042611975) 3.47097147599e-07
(1.0837257077893947, 2.7863480980346127, 3.072811251536566) 3.47095918872e-07
(1.0834939407177882, 2.786243903133634, 3.072570394553729) 3.47094689448e-07
(1.0832621009557521, 2.7861396887803176, 3.0723294716177088) 3.47093459327e-07
(1.0830301884518538, 2.7860354549693933, 3.0720884826826875) 3.47092228507e-07
(1.082798203154647, 2.785931201695618, 3.071847427702846) 3.47090996988e-07
(1.082566145012602, 2.785826928953714, 3.071606306632228) 3.47089764769e-07
(1.0823340139741695, 2.785722636738457, 3.0713651194249265) 3.4708853185e-07
(1.082101809987711, 2.785618325044571, 3.0711238660348874) 3.4708729823e-07
(1.0818695330015493, 2.7855139938668176, 3.0708825464160716) 3.47086063907e-07
(1.0816371829639653, 2.785409643199956, 3.070641160522359) 3.54615447207e-07
(1.1567109430629585, 2.86061145627854, 3.1457058915473626) 3.47500519778e-07
(1.1565003388400679, 2.8605136650072605, 3.145487277963387) 3.47499499792e-07
(1.1562896757850902, 2.860415856470003, 3.145268612075508) 3.47498479295e-07
(1.1560789538602105, 2.8603180306615443, 3.1450498938519686) 3.47497458285e-07
(1.1558681730275966, 2.860220187576649, 3.1448311232610027) 3.47496436762e-07
(1.1556573332493605, 2.8601223272100724, 3.1446123002707864) 3.47495414725e-07
(1.1554464344875786, 2.860024449556569, 3.144393424849466) 3.47494392175e-07
(1.1552354767042836, 2.859926554610902, 3.1441744969651695) 3.4749336911e-07
(1.1550244598614932, 2.8598286423678365, 3.143955516585987) 3.47492345531e-07
(1.1548133839211694, 2.8597307128221314, 3.1437364836799775) 3.47491321436e-07
(1.1546022488452479, 2.8596327659685383, 3.143517398215155) 3.47490296826e-07
(1.1543910545956253, 2.859534801801828, 3.1432982601595274) 3.47489271699e-07
(1.154179801134149, 2.859436820316754, 3.1430790694810535) 3.47488246056e-07
(1.1539684884226389, 2.8593388215080755, 3.142859826147653) 3.47487219896e-07
(1.1537571164228881, 2.8592408053705514, 3.1426405301272324) 3.47486193218e-07
(1.1535456850966317, 2.859142771898933, 3.14242118138764) 3.47485166022e-07
(1.1533341944055804, 2.8590447210880012, 3.1422017798967263) 3.47484138308e-07
(1.1531226443113953, 2.8589466529325014, 3.1419823256222936) 3.47483110067e-07
(1.152911034692136, 2.858848567343605, 3.1417628184485067) 3.47482081315e-07
(1.1526993655929672, 2.858750464399662, 3.1415432584266916) 3.47481052043e-07
(1.1524876369754478, 2.858652344095441, 3.141323645524538) 3.4748002225e-07
(1.152275848801106, 2.8585542064257066, 3.141103979709733) 3.47478991937e-07
(1.1520640010314265, 2.8584560513852164, 3.1408842609499157) 3.47477961103e-07
(1.1518520936278451, 2.8583578789687243, 3.1406644892126656) 3.47476929748e-07
(1.1516401265517533, 2.8582596891709793, 3.140444664465564) 3.47475897871e-07
(1.151428099764546, 2.8581614819867656, 3.14022478667617) 3.47474865471e-07
(1.1512160132275437, 2.858063257410828, 3.140004855811976) 3.47473832548e-07
(1.151003866902041, 2.8579650154379315, 3.139784871840455) 3.47472799102e-07
(1.1507916607492852, 2.8578667560628372, 3.13956483472905) 3.47471765132e-07
(1.1505793947305192, 2.8577684792803146, 3.139344744445191) 3.47470730638e-07
(1.1503670688068943, 2.857670185085097, 3.139124600956226) 3.47469695619e-07
(1.1501546829395641, 2.8575718735553495, 3.1389044042295025) 3.47468660076e-07
(1.1499422370896366, 2.857473544602431, 3.1386841542323576) 3.47467624006e-07
(1.1497297312181678, 2.8573751982211046, 3.138463850932044) 3.47466587411e-07
(1.1495171652862073, 2.8572768344061306, 3.138243494295823) 3.47465550289e-07
(1.1493045392547092, 2.857178453152267, 3.1380230842908916) 3.4746451264e-07
(1.1490918530846432, 2.857080054454268, 3.1378026208844223) 3.47463474464e-07
(1.1488791067369133, 2.8569816383068907, 3.1375821040435627) 3.4746243576e-07
(1.1486663002564002, 2.8568832047049133, 3.1373615338187215) 3.47461396528e-07
(1.1484534335199548, 2.8567847536430873, 3.1371409100936813) 3.47460356767e-07
(1.148240506488359, 2.8566862851161816, 3.1369202328355033) 3.47459316476e-07
(1.1480275191223692, 2.8565877991189614, 3.1366995020111754) 3.47458275656e-07
(1.1478144713827165, 2.8564892956461816, 3.1364787175876874) 3.47457234306e-07
(1.1476013632300683, 2.8563907746926094, 3.13625787953199) 3.47456192426e-07
(1.1473881946250872, 2.8562922362529912, 3.1360369878109715) 3.47455150014e-07
(1.1471749655283674, 2.8561936803221166, 3.13581604239153) 3.4745410707e-07
(1.146961675900464, 2.8560951068947373, 3.135595043240501) 3.47453063595e-07
(1.1467483257019062, 2.8559965159656007, 3.135373990324696) 3.47452019587e-07
(1.146534914893185, 2.855897907529485, 3.135152883610879) 3.47450975046e-07
(1.146321443434753, 2.8557992815811506, 3.1349317230658036) 3.47449929972e-07
(1.1461079112870183, 2.855700638115365, 3.134710508656188) 3.47448884363e-07
(1.145894318410339, 2.855601977126874, 3.134489240348678) 3.47447838221e-07
(1.1456806647650564, 2.8555032986104654, 3.1342679181099333) 3.47446791543e-07
(1.1454669503114592, 2.8554046025608875, 3.1340465419065526) 3.47445744331e-07
(1.1452531750098007, 2.8553058889728984, 3.133825111705106) 3.47444696582e-07
(1.1450393388203037, 2.8552071578412797, 3.1336036274721324) 3.47443648298e-07
(1.1448254417031223, 2.855108409160788, 3.1333820891741313) 3.47442599476e-07
^CTraceback (most recent call last):
  File "jack3d.py", line 764, in <module>
    numericFindSolution(guess, learnRate, tolerance, firstLightFunc, approxFunc, targetWall)
  File "jack3d.py", line 721, in numericFindSolution
    candidateTLAZS = getCandidateTLA(zsDeviationParams, targetWall, firstLightFunc, approxFunc)
  File "jack3d.py", line 678, in getCandidateTLA
    tla += [approxFunc(params, T, i+0.5) for i in range(int((MAX_TIME-T)/TIME_STEP))]
  File "jack3d.py", line 631, in approxFunc
    bOfNextT = b(params, T, t+TIME_STEP, nextXb)
  File "jack3d.py", line 539, in b
    rad5 = t*t*(6*T*T - 2*(2*xb*xb - 2*xb*xd + xd*xd + zd*zd + zs*zs))
KeyboardInterrupt
[adamyedidia:~/walls]